&emissions
! RADM2 emissions table
! Classification:Grasslands,Grasslands,Grasslands,Open Shrublands,Open Shrublands,Open Shrublands,Open Shrublands,Mixed Forests,Mixed Forests,Mixed Forests,Evergreen Forest,Evergreen Forest,Evergreen Forest,
compatible_chem_opt=2,
printsums=1, ! print sums of fuel burned and total emitted into the atmosphere
! Fuel Cat,1,2,3,4,5,6,7,8,9,10,11,12,13,
! gass emissions [g/kg burnt]
co=102,103,59,178,383,68,140.4,102,102,102,118,118,118,
no=2.799,4.5,0.74,4.5,6.3,1.4,3.42,0.34,0.34,0.34,1.5,1.5,1.5,
no2=0.311,0.5,3.2,0.5,0.7,1.4,0.38,2.7,2.7,2.7,3,3,3,
!!NMHC=3.4,3.4,3.4,3.4,3.4,3.4,3.4,5.7,5.7,5.7,5.7,5.7,5.7,
so2=0.4,1.4,0.48,0.8,0.8,0.68,0.8,1,1,1,1,1,1,
nh3=2.17,0.6,0.49,0.6,0.6,1.2,0.6,1.5,1.5,1.5,3.5,3.5,3.5,
p25i=6.3,13,3,21,7.9,5,12.8,7,7,7,7,7,7,
p25j=6.3,13,3,21,7.9,5,12.8,7,7,7,7,7,7,
oc1=2.3,1.3,1.3,11,3.3,3.3,5.4,4.6,4.6,4.6,3.9,3.9,3.9,
oc2=2.3,1.3,1.3,11,3.3,3.3,5.4,4.6,4.6,4.6,3.9,3.9,3.9,
bc1=0.75,0.3,0.3,0.4,0.4,0.4,0.4,0.45,0.45,0.45,0.16,0.16,0.16,
bc2=0.75,0.07,0.07,0.1,0.1,0.1,0.1,0.11,0.11,0.11,0.04,0.04,0.04,
!NMOC_RADM=9.3,9.3,9.3,4.8,4.8,4.8,4.8,14,14,14,28,28,28,
!! non-methane organic carbon emissions in [mole/kg burnt]
ald=0.014229,0.014229,0.014229,0.01128,0.01128,0.01128,0.01128,0.00924,0.00924,0.00924,0.02576,0.02576,0.02576,
csl=0.004092,0.004092,0.004092,0,0,0,0,0.00098,0.00098,0.00098,0.0238,0.0238,0.0238,
eth=0.007626,0.007626,0.007626,0.004848,0.004848,0.004848,0.004848,0.00406,0.00406,0.00406,0.04564,0.04564,0.04564,
hc3=0.001674,0.001674,0.001674,0.001776,0.001776,0.001776,0.001776,0.0014,0.0014,0.0014,0.00364,0.00364,0.00364,
hc5=0.00186,0.00186,0.00186,0.002016,0.002016,0.002016,0.002016,0.00154,0.00154,0.00154,0.00448,0.00448,0.00448,
hcho=0.019716,0.019716,0.019716,0.010704,0.010704,0.010704,0.010704,0.01862,0.01862,0.01862,0.04088,0.04088,0.04088,
iso=0.000465,0.000465,0.000465,0.000144,0.000144,0.000144,0.000144,0.00042,0.00042,0.00042,0.00392,0.00392,0.00392,
ket=0.023622,0.023622,0.023622,0.008976,0.008976,0.008976,0.008976,0.12096,0.12096,0.12096,0.07308,0.07308,0.07308,
mgly=0.007533,0.007533,0.007533,0.004128,0.004128,0.004128,0.004128,0.00238,0.00238,0.00238,0.00784,0.00784,0.00784,
ol2=0.021111,0.021111,0.021111,0.01104,0.01104,0.01104,0.01104,0.01554,0.01554,0.01554,0.04536,0.04536,0.04536,
olt=0.0020925,0.0020925,0.0020925,0.001512,0.001512,0.001512,0.001512,0.00154,0.00154,0.00154,0.0049,0.0049,0.0049,
oli=0.0020925,0.0020925,0.0020925,0.001512,0.001512,0.001512,0.001512,0.00154,0.00154,0.00154,0.0049,0.0049,0.0049,
ora2=0.019344,0.019344,0.019344,0.005952,0.005952,0.005952,0.005952,0.00742,0.00742,0.00742,0.0504,0.0504,0.0504,
tol=0.005394,0.005394,0.005394,0.003168,0.003168,0.003168,0.003168,0.00427,0.00427,0.00427,0.0182,0.0182,0.0182,
xyl=0.005394,0.005394,0.005394,0.003168,0.003168,0.003168,0.003168,0.00427,0.00427,0.00427,0.0182,0.0182,0.0182,
/
